$ 1 0.000005 10.20027730826997 50 5 43
r 192 336 192 400 0 20000
g 208 464 208 480 0
178 352 208 288 208 0 1 0.2 2.238755574395408e-17 0.05 1000000 0.02 20
w 256 224 288 224 0
178 192 400 192 464 1 1 0.2 0 0.05 1000000 0.02 20
g 352 240 384 240 0
p 352 208 480 208 1 0
g 480 208 480 240 0
v 272 416 352 416 0 0 40 5 0 0 0.5
w 352 416 352 256 0
g 144 464 144 480 0
w 272 512 160 512 0
w 160 464 160 512 0
s 272 416 272 512 0 1 false
R 192 -16 192 -64 0 0 40 9 0 0 0.5
S 192 48 192 112 0 1 false 0 2
p 80 48 80 192 1 0
w 192 48 80 48 0
R 256 224 256 272 0 0 40 5 0 0 0.5
r 176 112 176 160 0 1000
r 208 112 208 160 0 10000
w 80 192 192 192 0
w 208 160 192 192 0
w 176 160 192 192 0
w 176 304 192 336 0
w 208 304 192 336 0
w 80 336 192 336 0
r 208 256 208 304 0 10000
r 176 256 176 304 0 1000
p 80 192 80 336 1 0
S 192 192 192 256 0 0 false 0 2
w 288 192 192 192 0
r 192 -16 192 48 0 20000
