$ 1 0.000005 10.20027730826997 50 5 43
r 176 -32 176 32 0 7000
g 192 448 192 464 0
178 336 48 272 48 0 1 0.2 1.5923738534181283e-17 0.05 1000000 0.02 20
w 240 64 272 64 0
178 176 384 176 448 1 1 0.2 0 0.05 1000000 0.02 20
g 336 80 368 80 0
p 336 48 464 48 1 0
g 464 48 464 80 0
v 256 400 336 400 0 0 40 5 0 0 0.5
w 336 256 336 96 0
g 128 448 128 464 0
w 256 496 144 496 0
w 144 448 144 496 0
s 256 400 256 496 0 1 false
R 176 -32 176 -80 0 0 40 9 0 0 0.5
S 176 96 176 160 0 1 false 0 2
p 64 96 64 240 1 0
w 176 96 64 96 0
R 240 64 240 112 0 0 40 5 0 0 0.5
r 160 160 160 208 0 1000
r 192 160 192 208 0 10000
w 64 240 176 240 0
w 192 208 176 240 0
w 160 208 176 240 0
w 160 352 176 384 0
w 192 352 176 384 0
w 64 384 176 384 0
r 192 304 192 352 0 10000
r 160 304 160 352 0 1000
p 64 240 64 384 1 0
S 176 240 176 304 0 1 false 0 2
w 336 256 336 400 0
w 176 32 176 96 0
w 272 32 176 32 0
