$ 1 0.000005 10.20027730826997 50 5 43
185 48 160 128 160 0 2
w 112 320 112 336 0
w 112 336 48 336 0
R 48 320 16 320 0 0 40 5 0 0 0.5
w 80 320 48 320 0
R 48 336 16 336 0 0 40 5 0 0 0.5
R 48 160 16 160 0 0 40 5 0 0 0.5
I 176 192 240 192 0 0.5 5
I 176 240 240 240 0 0.5 5
I 176 144 240 144 0 0.5 5
f 240 144 288 144 33 1.5 0.02
R 288 176 240 176 0 0 40 5 0 0 0.5
w 288 208 320 208 2
I 176 288 240 288 0 0.5 5
w 176 256 176 288 0
w 176 240 176 224 0
w 176 144 176 160 0
f 240 192 288 192 33 1.5 0.02
f 240 240 288 240 33 1.5 0.02
f 240 288 288 288 33 1.5 0.02
R 288 128 240 128 0 0 40 5 0 0 0.5
R 288 224 240 224 0 0 40 5 0 0 0.5
R 288 272 240 272 0 0 40 5 0 0 0.5
r 512 208 560 208 0 1000
w 288 160 320 160 2
w 288 256 320 256 2
w 288 304 320 304 2
r 512 160 560 160 0 1000
g 560 160 576 160 0
r 512 256 560 256 0 1000
g 560 256 576 256 0
r 512 304 560 304 0 1000
g 560 304 576 304 0
g 560 208 576 208 0
w 512 160 320 160 0
w 512 208 320 208 0
w 512 256 320 256 0
w 512 304 320 304 0
