$ 4 0.000005 10.20027730826997 50 5 43
r -32 64 -32 128 0 4000
g -16 336 -16 352 0
178 -32 272 -32 336 1 1 0.2 0 0.001 100000000000 0.02 20
g -80 336 -80 352 0
w -224 384 -64 384 0
w -64 336 -64 384 0
s -224 208 -224 384 0 1 false
R -16 0 -16 -16 0 0 40 10 0 0 0.5
S -32 128 -32 192 0 0 false 0 2
p -144 128 -144 272 1 0
w -32 128 -144 128 0
r -48 192 -48 240 0 1000
r -16 192 -16 240 0 10000
w -144 272 -32 272 0
w -16 240 -32 272 0
w -48 240 -32 272 0
178 -32 64 -32 0 0 1 0.2 0 0.001 100000000000 0.02 20
R -48 0 -48 -16 0 0 40 5 0 0 0.5
w -224 64 -80 64 0
g -64 64 -64 80 0
v -224 64 -224 208 0 0 40 5 0 0 0.5
p -32 128 80 128 1 0
p 224 128 336 128 1 0
w 208 240 224 272 0
w 240 240 224 272 0
w 112 272 224 272 0
r 240 192 240 240 0 10000
r 208 192 208 240 0 1000
w 224 128 112 128 0
p 112 128 112 272 1 0
S 224 128 224 192 0 1 false 0 2
r 224 64 224 128 0 4000
r 480 64 480 128 0 4000
S 480 128 480 192 0 1 false 0 2
p 368 128 368 272 1 0
w 480 128 368 128 0
r 464 192 464 240 0 1000
r 496 192 496 240 0 10000
w 368 272 480 272 0
w 496 240 480 272 0
w 464 240 480 272 0
p 480 128 592 128 1 0
w 224 64 -32 64 0
w 224 64 480 64 0
w -32 272 112 272 0
w 224 272 368 272 0
w 80 128 80 416 0
w 336 128 336 416 0
w 592 128 592 416 0
