$ 1 0.000005 10.20027730826997 50 5 43
185 -64 160 16 160 0 2
w 64 256 64 304 0
w 64 240 64 224 0
w 64 112 64 160 0
f 176 192 224 192 33 1.5 0.02
f 176 240 224 240 33 1.5 0.02
f 176 288 224 288 33 1.5 0.02
r 448 208 496 208 0 1000
r 448 160 496 160 0 1000
g 496 160 512 160 0
r 448 256 496 256 0 1000
g 496 256 512 256 0
r 448 304 496 304 0 1000
g 496 304 512 304 0
g 496 208 512 208 0
w 272 160 224 160 0
w 448 208 272 208 2
w 448 304 272 304 2
f 176 144 224 144 33 1.5 0.02
w 224 272 176 272 0
w 176 272 176 224 0
w 176 224 224 224 0
w 176 224 176 176 0
w 176 176 224 176 0
w 176 176 176 128 0
w 176 128 224 128 0
w 176 128 176 80 0
w 176 80 -64 80 0
w -64 80 -64 160 0
w 272 160 448 160 2
w 272 208 224 208 0
w 448 256 272 256 2
w 272 256 224 256 0
w 272 304 224 304 0
L -64 160 -96 160 0 1 false 5 0
L 0 352 -96 352 0 0 false 5 0
w 0 352 0 320 0
w 96 176 64 176 0
w 64 240 96 240 0
w 96 336 80 336 0
w 80 336 80 272 0
w 96 272 80 272 0
w 80 272 80 208 0
w 80 208 96 208 0
w 80 208 80 144 0
w 80 112 80 64 0
L -32 320 -96 320 0 0 false 5 0
L 80 64 80 16 0 0 false 5 0
w 160 128 160 144 0
w 176 192 160 192 0
w 160 256 160 240 0
w 160 240 176 240 0
w 176 288 160 288 0
w 160 288 160 320 0
w 160 144 176 144 0
153 96 128 160 128 0 2 0 5
153 96 192 160 192 0 2 5 5
153 96 256 160 256 0 2 5 5
153 96 320 160 320 0 2 5 5
w 64 176 64 192 0
w 96 144 80 144 0
w 80 112 80 144 0
w 64 304 96 304 0
w 64 112 96 112 0
