$ 1 0.000005 10.20027730826997 50 5 43
r 128 128 176 80 0 1000
r 128 208 176 160 0 1000
r 128 288 176 240 0 1000
r 128 448 176 400 0 1000
r 128 368 176 320 0 1000
w 176 400 176 480 0
w 176 400 176 320 0
w 176 320 176 240 0
w 176 240 176 160 0
w 176 160 176 80 0
w 176 80 176 48 2
w 128 128 208 128 0
w 96 128 128 128 2
w 96 208 128 208 2
w 128 208 208 208 0
w 96 288 128 288 2
w 128 288 208 288 0
w 96 368 128 368 2
w 128 368 208 368 0
w 96 448 128 448 2
w 128 448 208 448 0
w 208 448 288 448 0
w 208 368 288 368 0
w 208 288 288 288 0
w 208 208 288 208 0
w 208 128 288 128 0
w 256 80 256 48 2
w 256 160 256 80 0
w 256 240 256 160 0
w 256 320 256 240 0
w 256 400 256 320 0
w 256 400 256 480 0
r 208 448 256 400 0 1000
r 208 288 256 240 0 1000
r 208 208 256 160 0 1000
r 208 128 256 80 0 1000
r 368 128 416 80 0 1000
r 368 208 416 160 0 1000
r 368 288 416 240 0 1000
r 368 448 416 400 0 1000
r 368 368 416 320 0 1000
w 416 400 416 480 0
w 416 400 416 320 0
w 416 320 416 240 0
w 416 240 416 160 0
w 416 160 416 80 0
w 416 80 416 48 2
w 368 128 448 128 0
w 368 208 448 208 0
w 368 288 448 288 0
w 368 368 448 368 0
w 368 448 448 448 0
w 288 448 368 448 0
w 288 368 368 368 0
w 288 288 368 288 0
w 288 208 368 208 0
w 288 128 368 128 0
w 336 80 336 48 2
w 336 160 336 80 0
w 336 240 336 160 0
w 336 320 336 240 0
w 336 400 336 320 0
w 336 400 336 480 0
r 288 368 336 320 0 1000
r 288 448 336 400 0 1000
r 288 288 336 240 0 1000
r 288 208 336 160 0 1000
r 288 128 336 80 0 1000
w 448 448 528 448 0
w 448 368 528 368 0
w 448 288 528 288 0
w 448 208 528 208 0
w 448 128 528 128 0
w 496 80 496 48 2
w 496 160 496 80 0
w 496 240 496 160 0
w 496 320 496 240 0
w 496 400 496 320 0
w 496 400 496 480 0
r 448 368 496 320 0 1000
r 448 448 496 400 0 1000
r 448 288 496 240 0 1000
r 448 208 496 160 0 1000
r 448 128 496 80 0 1000
g 336 48 336 16 0
R 96 288 48 288 0 0 40 5 0 0 0.5
r 208 368 256 320 0 1000
