$ 20 0.000005 10.20027730826997 50 5 43
m 288 256 416 256 0 1000 1000 4.807692307693121e-9 1e-8 1e-10 0
178 288 112 208 112 0 1 0.2 0 0.05 1000000 0.02 20
w 288 160 288 256 0
w 288 112 352 112 0
w 160 288 448 288 0
w 416 256 416 80 0
w 416 256 416 512 0
w 160 256 160 288 0
w 160 288 112 288 0
m 160 256 288 256 0 1000 1000 4.807692307693121e-9 1e-8 1e-10 0
m 448 256 576 256 0 1000 1000 4.807692307693121e-9 1e-8 1e-10 0
w 704 256 704 80 0
w 576 112 640 112 0
w 576 160 576 256 0
178 576 112 496 112 0 1 0.2 0 0.05 1000000 0.02 20
m 576 256 704 256 0 1000 1000 4.807692307693121e-9 1e-8 1e-10 0
w 448 256 448 288 0
m 160 512 288 512 0 1000 1000 4.807692307693121e-9 1e-8 1e-10 0
w 160 544 112 544 0
w 160 512 160 544 0
w 288 368 352 368 0
w 288 416 288 512 0
178 288 368 208 368 0 1 0.2 0 0.05 1000000 0.02 20
m 288 512 416 512 0 1000 1000 4.807692307693121e-9 1e-8 1e-10 0
m 576 512 704 512 0 1000 1000 4.807692307693121e-9 1e-8 1e-10 0
178 576 368 496 368 0 1 0.2 0 0.05 1000000 0.02 20
w 576 416 576 512 0
w 576 368 640 368 0
m 448 512 576 512 0 1000 1000 4.807692307693121e-9 1e-8 1e-10 0
w 448 512 448 544 0
w 160 544 448 544 0
w 448 544 736 544 0
w 704 512 704 576 0
w 416 512 416 576 0
w 448 288 704 288 0
w 704 256 704 288 0
w 704 288 704 512 0
