$ 1 0.000005 10.20027730826997 50 5 43
r -64 176 -32 144 0 10000000
r -32 144 0 112 0 1000000000
r 96 144 128 112 0 10000000
r 64 176 96 144 0 1000000000
p -32 144 -112 64 1 0
p 96 144 16 64 1 0
p 224 144 144 64 1 0
r 224 144 256 112 0 1000000000
r 192 176 224 144 0 10000000
w 0 48 0 112 0
w 128 48 128 112 0
w 256 48 256 112 0
w 0 112 0 272 0
w 256 112 256 272 0
w 128 112 128 272 0
r 192 336 224 304 0 1000000000
r 224 304 256 272 0 10000000
p 224 304 144 224 1 0
p 96 304 16 224 1 0
p -32 304 -112 224 1 0
r 64 336 96 304 0 10000000
r 96 304 128 272 0 1000000000
r -32 304 0 272 0 10000000
r -64 336 -32 304 0 1000000000
w 256 272 256 432 0
w 128 272 128 432 0
w 0 272 0 432 0
w 192 336 336 336 0
w -64 336 -144 336 0
w 64 336 192 336 0
w -64 336 64 336 0
w -64 176 64 176 0
w 64 176 192 176 0
w -64 176 -144 176 0
w 192 176 336 176 0
R -144 176 -176 176 0 0 40 5 0 0 0.5
R -144 336 -176 336 0 0 40 5 0 0 0.5
g 0 48 0 32 0
g 128 48 128 32 0
g 256 48 256 32 0
