$ 1 0.000005 10.20027730826997 50 5 43
185 96 208 176 208 0 2
L 96 208 64 208 0 1 false 5 0
L 160 400 64 400 0 0 false 5 0
w 160 400 160 368 0
L 128 368 64 368 0 0 false 5 0
r 512 176 480 208 0 1000
r 560 176 528 208 0 1000
w 480 208 528 208 0
w 576 208 624 208 0
r 656 176 624 208 0 1000
r 608 176 576 208 0 1000
w 528 208 576 208 0
w 512 176 512 224 0
w 560 176 560 224 0
w 608 176 608 224 0
w 656 176 656 224 0
w 624 208 672 208 0
w 624 256 672 256 0
w 608 224 608 272 0
w 560 224 560 272 0
w 512 224 512 272 0
w 528 256 576 256 0
r 608 224 576 256 0 1000
r 656 224 624 256 0 1000
w 576 256 624 256 0
w 480 256 528 256 0
r 560 224 528 256 0 1000
r 512 224 480 256 0 1000
w 624 304 672 304 0
w 656 272 656 320 0
w 608 272 608 320 0
w 560 272 560 320 0
w 512 272 512 320 0
w 528 304 576 304 0
r 608 272 576 304 0 1000
r 656 272 624 304 0 1000
w 576 304 624 304 0
w 480 304 528 304 0
r 560 272 528 304 0 1000
r 512 272 480 304 0 1000
w 656 224 656 272 0
w 624 160 672 160 0
w 656 128 656 176 0
w 608 128 608 176 0
w 560 128 560 176 0
w 512 128 512 176 0
w 528 160 576 160 0
r 608 128 576 160 0 1000
r 656 128 624 160 0 1000
w 576 160 624 160 0
w 480 160 528 160 0
r 560 128 528 160 0 1000
r 512 128 480 160 0 1000
180 416 160 480 160 0 0.1 10000000000
180 416 256 480 256 0 0.1 10000000000
180 416 208 480 208 0 0.1 10000000000
180 416 304 480 304 0 0.1 10000000000
w 416 160 416 208 0
w 416 208 416 256 0
w 416 256 416 304 0
w 416 160 416 112 0
L 416 112 384 112 0 1 false 5 0
L 656 64 720 64 0 1 false 5 0
180 656 64 656 128 0 0.1 10000000000
152 352 176 400 176 0 2 5 5
w 400 176 448 176 0
152 304 224 352 224 0 2 5 5
w 352 224 448 224 0
152 352 272 400 272 0 2 5 5
w 400 272 448 272 0
w 352 320 448 320 0
152 304 320 352 320 0 2 5 5
180 608 64 608 128 0 0.1 10000000000
180 560 64 560 128 0 0.1 10000000000
180 512 64 512 128 0 0.1 10000000000
w 304 336 224 336 0
w 224 336 224 304 0
w 224 288 336 288 0
w 336 288 352 288 0
w 224 240 304 240 0
w 224 208 224 192 0
w 224 192 352 192 0
w 224 272 224 288 0
w 304 304 256 304 0
w 352 256 256 256 0
w 304 208 256 208 0
w 352 160 256 160 0
w 256 304 256 256 0
w 256 256 256 208 0
w 256 208 256 160 0
L 256 112 224 112 0 1 false 5 0
w 256 112 256 160 0
w 656 64 608 64 0
w 608 64 560 64 0
w 560 64 512 64 0
w 496 96 496 -32 0
w 544 -80 544 96 0
w 592 -128 592 96 0
w 640 -176 640 96 0
w 256 -240 256 -192 0
L 256 -240 224 -240 0 0 false 5 0
w 256 -144 256 -192 0
w 256 -96 256 -144 0
w 256 -48 256 -96 0
w 352 -192 256 -192 0
w 304 -144 256 -144 0
w 352 -96 256 -96 0
w 304 -48 256 -48 0
w 224 -80 224 -64 0
w 224 -160 352 -160 0
w 224 -144 224 -160 0
w 224 -112 304 -112 0
w 336 -64 352 -64 0
w 224 -64 336 -64 0
w 224 -16 224 -48 0
w 304 -16 224 -16 0
152 304 -32 352 -32 0 2 0 5
152 352 -80 400 -80 0 2 0 5
152 304 -128 352 -128 0 2 0 5
152 352 -176 400 -176 0 2 5 5
L 128 16 64 16 0 0 false 5 0
w 160 48 160 16 0
L 160 48 64 48 0 0 false 5 0
L 96 -144 64 -144 0 1 false 5 0
185 96 -144 176 -144 0 2
w 400 -176 640 -176 0
w 352 -128 592 -128 0
w 400 -80 544 -80 0
w 352 -32 496 -32 0
