$ 1 0.000005 10.20027730826997 50 5 43
R 16 240 -32 240 0 0 40 5 0 0 0.5
r 80 240 144 240 0 1000
w 16 176 16 240 0
w 16 240 80 240 0
w 144 240 208 240 0
w 208 240 208 176 0
g 208 240 256 240 0
r 16 112 80 112 0 1000
r 16 176 80 176 0 1000
w 16 112 16 176 0
r -272 176 -208 176 0 1000
r -208 176 -144 176 0 1000
r -336 176 -272 176 0 1000
g -144 240 -96 240 0
w -208 240 -144 240 0
w -336 240 -272 240 0
r -272 240 -208 240 0 1000
R -336 240 -384 240 0 0 40 5 0 0 0.5
r 80 96 144 96 0 1000
r 80 192 144 192 0 1000
r 80 160 144 160 0 1000
r 80 128 144 128 0 1000
w 80 96 80 112 0
w 80 112 80 128 0
w 80 160 80 176 0
w 80 176 80 192 0
r 144 176 208 176 0 1000
w 144 160 144 176 0
w 144 176 144 192 0
r 144 112 208 112 0 1000
w 208 112 208 176 0
w 144 96 144 112 0
w 144 112 144 128 0
w 496 112 496 128 0
w 496 96 496 112 0
w 560 112 560 176 0
r 496 112 560 112 0 1000
w 496 176 496 192 0
w 496 160 496 176 0
r 496 176 560 176 0 1000
w 432 176 432 192 0
w 432 160 432 176 0
w 432 112 432 128 0
w 432 96 432 112 0
r 432 128 496 128 0 1000
r 432 160 496 160 0 1000
r 432 192 496 192 0 1000
r 432 96 496 96 0 1000
w 368 112 368 176 0
r 368 176 432 176 0 1000
r 368 112 432 112 0 1000
g 560 240 608 240 0
w 560 240 560 176 0
w 496 240 560 240 0
w 368 240 432 240 0
w 368 176 368 240 0
r 432 240 496 240 0 1000
R 368 240 320 240 0 0 40 5 0 0 0.5
r 432 176 496 176 0 1000
r 432 112 496 112 0 1000
r 432 48 496 48 0 1000
r 368 48 432 48 0 1000
r 432 32 496 32 0 1000
r 432 64 496 64 0 1000
w 432 32 432 48 0
w 432 48 432 64 0
r 496 48 560 48 0 1000
w 496 32 496 48 0
w 496 48 496 64 0
w 368 48 368 112 0
w 560 48 560 112 0
w -336 176 -336 240 0
w -144 176 -144 240 0
w 1040 48 1040 112 0
w 720 48 720 112 0
r 976 48 1040 48 0 1000
r 720 48 784 48 0 1000
R 720 240 672 240 0 0 40 5 0 0 0.5
r 848 240 912 240 0 1000
w 720 176 720 240 0
w 720 240 784 240 0
w 976 240 1040 240 0
w 1040 240 1040 176 0
g 1040 240 1088 240 0
r 720 112 784 112 0 1000
r 720 176 784 176 0 1000
w 720 112 720 176 0
r 976 176 1040 176 0 1000
r 976 112 1040 112 0 1000
w 1040 112 1040 176 0
w 912 240 976 240 0
w 848 240 784 240 0
r 720 -16 784 -16 0 1000
r 976 -16 1040 -16 0 1000
w 720 -16 720 48 0
w 1040 -16 1040 48 0
w 912 -16 912 0 0
w 912 -32 912 -16 0
r 912 -16 976 -16 0 1000
w 848 -16 848 0 0
w 848 -32 848 -16 0
r 848 -32 912 -32 0 1000
r 848 0 912 0 0 1000
r 784 -16 848 -16 0 1000
r 784 48 848 48 0 1000
r 848 64 912 64 0 1000
r 848 32 912 32 0 1000
w 848 32 848 48 0
w 848 48 848 64 0
r 912 48 976 48 0 1000
w 912 32 912 48 0
w 912 48 912 64 0
r 784 112 848 112 0 1000
r 848 128 912 128 0 1000
r 848 96 912 96 0 1000
w 848 96 848 112 0
w 848 112 848 128 0
r 912 112 976 112 0 1000
w 912 96 912 112 0
w 912 112 912 128 0
r 784 176 848 176 0 1000
r 848 192 912 192 0 1000
r 848 160 912 160 0 1000
w 848 160 848 176 0
w 848 176 848 192 0
r 912 176 976 176 0 1000
w 912 160 912 176 0
w 912 176 912 192 0
w 1392 176 1392 192 0
w 1392 160 1392 176 0
r 1392 176 1456 176 0 1000
w 1328 176 1328 192 0
w 1328 160 1328 176 0
r 1328 160 1392 160 0 1000
r 1328 192 1392 192 0 1000
r 1264 176 1328 176 0 1000
w 1392 112 1392 128 0
w 1392 96 1392 112 0
r 1392 112 1456 112 0 1000
w 1328 112 1328 128 0
w 1328 96 1328 112 0
r 1328 96 1392 96 0 1000
r 1328 128 1392 128 0 1000
r 1264 112 1328 112 0 1000
w 1392 48 1392 64 0
w 1392 32 1392 48 0
r 1392 48 1456 48 0 1000
w 1328 48 1328 64 0
w 1328 32 1328 48 0
r 1328 32 1392 32 0 1000
r 1328 64 1392 64 0 1000
r 1264 48 1328 48 0 1000
r 1264 -16 1328 -16 0 1000
r 1328 0 1392 0 0 1000
r 1328 -32 1392 -32 0 1000
w 1328 -32 1328 -16 0
w 1328 -16 1328 0 0
r 1392 -16 1456 -16 0 1000
w 1392 -32 1392 -16 0
w 1392 -16 1392 0 0
w 1520 -16 1520 48 0
w 1200 -16 1200 48 0
r 1456 -16 1520 -16 0 1000
r 1200 -16 1264 -16 0 1000
w 1328 240 1264 240 0
w 1392 240 1456 240 0
w 1520 112 1520 176 0
r 1456 112 1520 112 0 1000
r 1456 176 1520 176 0 1000
w 1200 112 1200 176 0
r 1200 176 1264 176 0 1000
r 1200 112 1264 112 0 1000
g 1520 240 1568 240 0
w 1520 240 1520 176 0
w 1456 240 1520 240 0
w 1200 240 1264 240 0
w 1200 176 1200 240 0
r 1328 240 1392 240 0 1000
R 1200 240 1152 240 0 0 40 5 0 0 0.5
r 1200 48 1264 48 0 1000
r 1456 48 1520 48 0 1000
w 1200 48 1200 112 0
w 1520 48 1520 112 0
r 1328 -16 1392 -16 0 1000
r 1328 48 1392 48 0 1000
r 1328 112 1392 112 0 1000
r 1328 176 1392 176 0 1000
R -560 240 -608 240 0 0 40 5 0 0 0.5
r -560 240 -496 240 0 1000
g -496 240 -448 240 0
r 1328 -80 1392 -80 0 1000
r 1200 -80 1264 -80 0 1000
r 1456 -80 1520 -80 0 1000
w 1392 -80 1392 -64 0
w 1392 -96 1392 -80 0
r 1392 -80 1456 -80 0 1000
w 1328 -80 1328 -64 0
w 1328 -96 1328 -80 0
r 1328 -96 1392 -96 0 1000
r 1328 -64 1392 -64 0 1000
r 1264 -80 1328 -80 0 1000
w 1200 -80 1200 -16 0
w 1520 -80 1520 -16 0
